doi:10.1016/j.pecs.2012.03.003 -> 10.1080/08927022.2010.481794->10.1103/PhysRevLett.103.246102->10.1080/08927020902833137->10.1080/08927020902833129->10.1103/PhysRevB.79.205412->10.1063/1.3096964->10.1063/1.1737365->10.1016/j.susc.2003.08.041->
doi:10.1023/B:CATL.0000029523.22277.e1 -> 10.1021/am4059149->10.1007/s11244-013-0166-3->10.1021/jp507957n->10.1021/jp508805h->10.1016/j.ijggc.2013.06.020->10.1021/ie400582a->10.1039/c2sc21601a->10.1021/ie301419q->10.1016/j.pecs.2012.03.003->10.1063/1.4746117->10.1021/cs3002644->10.1111/j.1551-2916.2012.05236.x->->
